Data:

0.000000 0.0000
0.000200 47.0000
0.000400 30.0000
0.000600 -26.0000
0.000800 -48.0000
0.001000 -4.0000
0.001200 45.0000
0.001400 34.0000
0.001600 -22.0000
0.001800 -49.0000
0.002000 -9.0000
0.002200 43.0000
0.002400 38.0000
0.002600 -18.0000
0.002800 -49.0000
0.003000 -14.0000
0.003200 40.0000
0.003400 41.0000
0.003600 -13.0000
0.003800 -49.0000
0.004000 -19.0000
0.004200 37.0000
0.004400 43.0000
0.004600 -8.0000
0.004800 -49.0000
0.005000 -23.0000
0.005200 33.0000
0.005400 45.0000
0.005600 -3.0000
0.005800 -48.0000
0.006000 -27.0000
0.006200 30.0000
0.006400 47.0000
0.006600 0.0000
0.006800 -46.0000
0.007000 -31.0000
0.007200 26.0000
0.007400 48.0000
0.007600 5.0000
0.007800 -44.0000
0.008000 -35.0000
0.008200 21.0000
0.008400 49.0000
0.008600 10.0000
0.008800 -42.0000
0.009000 -38.0000
0.009200 17.0000
0.009400 49.0000
0.009600 15.0000
0.009800 -39.0000
0.010000 -41.0000
0.010200 12.0000
0.010400 49.0000
0.010600 20.0000
0.010800 -36.0000
0.011000 -44.0000
0.011200 7.0000
0.011400 49.0000
0.011600 24.0000
0.011800 -33.0000
0.012000 -46.0000
0.012200 2.0000
0.012400 48.0000
0.012600 28.0000

Weighed data:
0.000000 0.0000
0.000200 3.8674
0.000400 2.6736
0.000600 -2.6113
0.000800 -5.5738
0.001000 -0.5441
0.001200 7.1969
0.001400 6.3791
0.001600 -4.8138
0.001800 -12.4065
0.002000 -2.6139
0.002200 14.1962
0.002400 14.1338
0.002600 -7.4774
0.002800 -22.5460
0.003000 -7.0787
0.003200 22.0587
0.003400 24.4851
0.003600 -8.3507
0.003800 -33.6387
0.004000 -13.8546
0.004200 28.4900
0.004400 34.7664
0.004600 -6.7550
0.004800 -42.9830
0.005000 -20.8537
0.005200 30.7730
0.005400 42.9501
0.005600 -2.9168
0.005800 -47.3172
0.006000 -26.8613
0.006200 29.9828
0.006400 46.9731
0.006600 0.0000
0.006800 -45.3457
0.007000 -30.1400
0.007200 24.8156
0.007400 44.7607
0.007600 4.5334
0.007800 -38.5970
0.008000 -29.5531
0.008200 16.9790
0.008400 37.7300
0.008600 7.2919
0.008800 -28.8332
0.009000 -24.4097
0.009200 10.1524
0.009400 27.0219
0.009600 7.5844
0.009800 -17.9448
0.010000 -17.0319
0.010200 4.4633
0.010400 16.1770
0.010600 5.8086
0.010800 -9.1150
0.011000 -9.6277
0.011200 1.3133
0.011400 7.8366
0.011600 3.2644
0.011800 -3.8320
0.012000 -4.6201
0.012200 0.1782
0.012400 3.9497
0.012600 2.2400

Computed Real values:
0.000000 6.7800
1.000000 6.2571
2.000000 5.4789
3.000000 5.2956
4.000000 7.5685
5.000000 6.2960
6.000000 6.7302
7.000000 8.1447
8.000000 6.4560
9.000000 7.5958
10.000000 -1.5291
11.000000 -64.7826
12.000000 605.6021
13.000000 -697.9379
14.000000 133.8116
15.000000 1.8797
16.000000 -3.2679
17.000000 -5.2073
18.000000 -2.2328
19.000000 -5.0626
20.000000 -3.4599
21.000000 -2.0001
22.000000 -4.3011
23.000000 0.0460
24.000000 -3.9528
25.000000 -1.5591
26.000000 0.3063
27.000000 -3.7747
28.000000 0.9007
29.000000 -4.3431
30.000000 0.3763
31.000000 -2.4174
32.000000 -0.6141
33.000000 -2.4174
34.000000 0.3763
35.000000 -4.3431
36.000000 0.9007
37.000000 -3.7747
38.000000 0.3063
39.000000 -1.5591
40.000000 -3.9528
41.000000 0.0460
42.000000 -4.3011
43.000000 -2.0001
44.000000 -3.4599
45.000000 -5.0626
46.000000 -2.2328
47.000000 -5.2073
48.000000 -3.2679
49.000000 1.8797
50.000000 133.8116
51.000000 -697.9379
52.000000 605.6021
53.000000 -64.7826
54.000000 -1.5291
55.000000 7.5958
56.000000 6.4560
57.000000 8.1447
58.000000 6.7302
59.000000 6.2960
60.000000 7.5685
61.000000 5.2956
62.000000 5.4789
63.000000 6.2571

Computed Imaginary values:
0.000000 0.0000
1.000000 -3.0828
2.000000 1.3763
3.000000 0.3078
4.000000 0.8268
5.000000 0.7559
6.000000 1.5638
7.000000 0.9305
8.000000 2.6832
9.000000 0.8926
10.000000 2.5543
11.000000 -14.7416
12.000000 178.4998
13.000000 -241.9137
14.000000 57.6583
15.000000 0.5617
16.000000 0.7926
17.000000 -3.6639
18.000000 0.3421
19.000000 -2.7774
20.000000 -0.3478
21.000000 -1.6795
22.000000 0.6784
23.000000 -2.8796
24.000000 0.7278
25.000000 -1.5315
26.000000 -1.9261
27.000000 1.2204
28.000000 -2.8195
29.000000 0.4205
30.000000 0.8677
31.000000 -0.8346
32.000000 0.0000
33.000000 0.8346
34.000000 -0.8677
35.000000 -0.4205
36.000000 2.8195
37.000000 -1.2204
38.000000 1.9261
39.000000 1.5315
40.000000 -0.7278
41.000000 2.8796
42.000000 -0.6784
43.000000 1.6795
44.000000 0.3478
45.000000 2.7774
46.000000 -0.3421
47.000000 3.6639
48.000000 -0.7926
49.000000 -0.5617
50.000000 -57.6583
51.000000 241.9137
52.000000 -178.4998
53.000000 14.7416
54.000000 -2.5543
55.000000 -0.8926
56.000000 -2.6832
57.000000 -0.9305
58.000000 -1.5638
59.000000 -0.7559
60.000000 -0.8268
61.000000 -0.3078
62.000000 -1.3763
63.000000 3.0828


Computed magnitudes:
0.000000Hz 6.7800
78.125000Hz 6.9753
156.250000Hz 5.6492
234.375000Hz 5.3045
312.500000Hz 7.6136
390.625000Hz 6.3412
468.750000Hz 6.9095
546.875000Hz 8.1977
625.000000Hz 6.9914
703.125000Hz 7.6481
781.250000Hz 2.9770
859.375000Hz 66.4387
937.500000Hz 631.3605
1015.625000Hz 738.6742
1093.750000Hz 145.7052
1171.875000Hz 1.9618
1250.000000Hz 3.3626
1328.125000Hz 6.3671
1406.250000Hz 2.2588
1484.375000Hz 5.7744
1562.500000Hz 3.4774
1640.625000Hz 2.6118
1718.750000Hz 4.3543
1796.875000Hz 2.8799
1875.000000Hz 4.0192
1953.125000Hz 2.1855
2031.250000Hz 1.9503
2109.375000Hz 3.9671
2187.500000Hz 2.9599
2265.625000Hz 4.3634
2343.750000Hz 0.9458
2421.875000Hz 2.5574


Frequency :
1004.225670